 0.114
 0.107
 0.312
 0.137
 0.119
 0.370
 0.157
 0.138
 0.370
 0.128
 0.137
 0.368
 0.132
 0.138
 0.372
 0.894
 0.792
 1.031
 1.405
 0.693
 1.693
 5.035
 3.050
 4.922
 6.574
 5.405
 6.363
 6.446
 5.974
 6.470
 0.107
 0.099
 0.154
 0.132
 0.121
 0.216
 0.210
 0.180
 0.310
 0.210
 0.184
 0.314
 0.206
 0.179
 0.354
 0.177
 0.167
 0.228
 0.155
 0.116
 0.252
 0.155
 0.119
 0.251
 0.157
 0.114
 0.252
 0.178
 0.113
 0.250
 0.119
 0.108
 0.216
 0.151
 0.127
 0.275
 0.381
 0.357
 0.626
 0.399
 0.460
 0.673
 0.404
 0.454
 0.652
 0.104
 0.092
 0.380
 0.120
 0.128
 0.519
 0.149
 0.337
 0.754
 0.147
 0.491
 0.909
 0.157
 0.607
 0.923
 0.397
 0.371
 0.373
 0.345
 0.315
 0.476
 0.348
 0.265
 0.462
 0.349
 0.253
 0.446
 0.384
 0.256
 0.480
 0.114
 0.104
 0.738
 0.194
 0.125
 1.046
 0.315
 0.145
 1.270
 0.296
 0.160
 1.291
 0.300
 0.163
 1.332
